%time,field.header.seq,field.header.stamp,field.header.frame_id,field.action,field.src_id,field.dest_id,field.relative_rad
1649337281951750225,0,1649337281951543501,,1,0,0,0.0
1649337282874474221,1,1649337282874328916,,1,0,1,0.0
1649337283928437212,2,1649337283928321307,,1,1,2,0.0
1649337284927900601,3,1649337284927771861,,1,2,3,0.0
1649337285890304024,4,1649337285890175430,,1,3,4,0.0
1649337286914097490,5,1649337286913804744,,1,4,5,0.0
1649337287900853126,6,1649337287900683477,,1,5,6,0.0
1649337288889341676,7,1649337288889217227,,1,6,7,0.0
1649337289932097390,8,1649337289931986216,,1,7,8,0.0
1649337290952172317,9,1649337290952066998,,1,8,9,0.0
1649337291905390100,10,1649337291905156997,,1,9,10,0.0
1649337292935481811,11,1649337292935325112,,1,10,11,0.0
1649337293950863904,12,1649337293950668197,,1,11,12,0.0
1649337294963773956,13,1649337294963595433,,1,12,13,0.0
1649337295941071289,14,1649337295940956412,,1,13,14,0.0
1649337296954340519,15,1649337296954203600,,1,14,15,0.0
1649337297997098375,16,1649337297996964311,,1,15,16,0.0
1649337298964304951,17,1649337298964158966,,1,16,17,0.0
1649337299972478854,18,1649337299972362173,,1,17,18,0.0
1649337300947828709,19,1649337300947188842,,1,18,19,0.0
1649337302436933017,20,1649337302436763513,,1,19,20,0.0
1649337303001937540,21,1649337303001815082,,1,20,21,0.0
1649337304013098892,22,1649337304012946061,,1,21,22,0.0
1649337304994477471,23,1649337304993909754,,1,22,23,0.0
1649337305994902696,24,1649337305994709443,,1,23,24,0.0
1649337306988698665,25,1649337306988590889,,1,24,25,0.0
1649337308005494919,26,1649337308005340402,,1,25,26,0.0
1649337309003081345,27,1649337309002931808,,1,26,27,0.0
1649337310038855616,28,1649337310038238316,,1,27,28,0.0
1649337311014728044,29,1649337311014589354,,1,28,29,0.0
1649337312040962031,30,1649337312040241112,,1,29,30,0.0
1649337313037431844,31,1649337313037317594,,1,30,31,0.0
1649337314050683646,32,1649337314050504141,,1,31,32,0.0
1649337315021557288,33,1649337315021436588,,1,32,33,0.0
1649337316030130762,34,1649337316030009861,,1,33,34,0.0
1649337317268925785,35,1649337317268807949,,1,34,35,0.0
1649337318022927932,36,1649337318022776193,,1,35,36,0.0
1649337319055526789,37,1649337319055315600,,1,36,37,0.0
1649337320019113826,38,1649337320018996034,,1,37,38,0.0
1649337321050811993,39,1649337321050671101,,1,38,39,0.0
1649337322014529380,40,1649337322014374388,,1,39,40,0.0
1649337323045979283,41,1649337323045854713,,1,40,41,0.0
1649337324020256621,42,1649337324020121749,,1,41,42,0.0
1649337325448274731,43,1649337325448153316,,1,42,43,0.0
1649337326046690353,44,1649337326046496279,,1,43,44,0.0
1649337327260576963,45,1649337327260450980,,1,44,45,0.0
1649337328021040264,46,1649337328020883783,,1,45,46,0.0
1649337329034644137,47,1649337329034537466,,1,46,47,0.0
1649337330233755861,48,1649337330233615693,,1,47,48,0.0
1649337332726515277,49,1649337332725790350,,1,48,49,0.0
1649337333033658792,50,1649337333033407135,,1,49,50,0.0
1649337333354688619,51,1649337333353993950,,1,50,51,0.0
1649337334000770837,52,1649337334000614113,,1,51,52,0.0
1649337335042268188,53,1649337335042099357,,1,52,53,0.0
1649337336034615611,54,1649337336033974409,,1,53,54,0.0
1649337337047025983,55,1649337337046005207,,1,54,55,0.0
1649337338075603654,56,1649337338075393427,,1,55,56,0.0
1649337339067638227,57,1649337339066865846,,1,56,57,0.0
1649337340010475473,58,1649337340010354050,,1,57,58,0.0
1649337341056977630,59,1649337341056826326,,1,58,59,0.0
1649337342219421890,60,1649337342219263587,,1,59,60,0.0
1649337343072606836,61,1649337343072492210,,1,60,61,0.0
1649337344084290980,62,1649337344084039731,,1,61,62,0.0
1649337345273440310,63,1649337345273315295,,1,62,63,0.0
1649337346291073749,64,1649337346290892601,,1,63,64,0.0
1649337347121575292,65,1649337347121464391,,1,64,65,0.0
1649337348202601543,66,1649337348201936191,,1,65,66,0.0
1649337349041017602,67,1649337349040893089,,1,66,67,0.0
1649337350103015476,68,1649337350102901185,,1,67,68,0.0
1649337351049653485,69,1649337351049374218,,1,68,69,0.0
1649337352199267563,70,1649337352199066559,,1,69,70,0.0
1649337353386029822,71,1649337353385818898,,1,70,71,0.0
1649337354296929326,72,1649337354296192967,,1,71,72,0.0
1649337355125417916,73,1649337355125286951,,1,72,73,0.0
1649337356044446268,74,1649337356044324395,,1,73,74,0.0
1649337357240788707,75,1649337357240644673,,1,74,75,0.0
1649337358136133914,76,1649337358135999093,,1,75,76,0.0
1649337359035801262,77,1649337359035664831,,1,76,77,0.0
1649337360072801431,78,1649337360072694211,,1,77,78,0.0
1649337361370927413,79,1649337361370805153,,1,78,79,0.0
1649337362076274824,80,1649337362076057259,,1,79,80,0.0
1649337363114679774,81,1649337363114339443,,1,80,81,0.0
1649337364093902436,82,1649337364093720932,,1,81,82,0.0
1649337365060983051,83,1649337365060615875,,1,82,83,0.0
1649337366063734067,84,1649337366063165910,,1,83,84,0.0
1649337367073878827,85,1649337367073309928,,1,84,85,0.0
1649337368371618074,86,1649337368371421925,,1,85,86,0.0
1649337369225409322,87,1649337369225281738,,1,86,87,0.0
1649337370081253112,88,1649337370081124906,,1,87,88,0.0
1649337371105796143,89,1649337371105653732,,1,88,89,0.0
1649337372080556512,90,1649337372080221336,,1,89,90,0.0
1649337373757522830,91,1649337373757383287,,1,90,91,0.0
1649337374165191305,92,1649337374164424235,,1,91,92,0.0
1649337375116415348,93,1649337375116263570,,1,92,93,0.0
1649337376032929432,94,1649337376032780054,,1,93,94,0.0
1649337377365954063,95,1649337377365816932,,1,94,95,0.0
1649337378086194967,96,1649337378086088846,,1,95,96,0.0
1649337379299760008,97,1649337379299652541,,1,96,97,0.0
1649337380107180530,98,1649337380106980759,,1,97,98,0.0
1649337381093790627,99,1649337381093268379,,1,98,99,0.0
1649337382070546713,100,1649337382070351736,,1,99,100,0.0
1649337383038722562,101,1649337383038520538,,1,100,101,0.0
1649337384085569405,102,1649337384084920797,,1,101,102,0.0
1649337385074199325,103,1649337385074068578,,1,102,103,0.0
1649337386048976402,104,1649337386048652898,,1,103,104,0.0
1649337387087826028,105,1649337387087578750,,1,104,105,0.0
1649337388047629541,106,1649337388047470552,,1,105,106,0.0
1649337389700304908,107,1649337389700176969,,1,106,107,0.0
1649337390052758866,108,1649337390052539383,,1,107,108,0.0
1649337391035330231,109,1649337391035186744,,1,108,109,0.0
1649337392242903044,110,1649337392242702837,,1,109,110,0.0
1649337393087075083,111,1649337393086969911,,1,110,111,0.0
1649337394090489179,112,1649337394090324650,,1,111,112,0.0
1649337395463848462,113,1649337395463708935,,1,112,113,0.0
1649337396735521636,114,1649337396734921257,,1,113,114,0.0
1649337397082069901,115,1649337397081792272,,1,114,115,0.0
1649337398079300342,116,1649337398079110200,,1,115,116,0.0
1649337399427421678,117,1649337399427283261,,1,116,117,0.0
1649337400090758522,118,1649337400090501201,,1,117,118,0.0
1649337401062301628,119,1649337401062176346,,1,118,119,0.0
1649337402078360452,120,1649337402078214629,,1,119,120,0.0
1649337403295222140,121,1649337403294935314,,1,120,121,0.0
1649337404500731789,122,1649337404500560429,,1,121,122,0.0
1649337405106498064,123,1649337405106361242,,1,122,123,0.0
1649337406068011970,124,1649337406067907472,,1,123,124,0.0
1649337407314592106,125,1649337407313972480,,1,124,125,0.0
1649337408078949613,126,1649337408078722466,,1,125,126,0.0
1649337409266825394,127,1649337409266529934,,1,126,127,0.0
1649337410549924564,128,1649337410549404366,,1,127,128,0.0
1649337411350440716,129,1649337411350333982,,1,128,129,0.0
1649337412331015026,130,1649337412330879849,,1,129,130,0.0
1649337413098118976,131,1649337413097838204,,1,130,131,0.0
1649337414157698857,132,1649337414157512279,,1,131,132,0.0
1649337415024036590,133,1649337415023659853,,1,132,133,0.0
1649337416302350642,134,1649337416302233470,,1,133,134,0.0
1649337417077855964,135,1649337417077712658,,1,134,135,0.0
1649337418084483419,136,1649337418084360408,,1,135,136,0.0
1649337419101774348,137,1649337419101654700,,1,136,137,0.0
1649337420298877841,138,1649337420298751484,,1,137,138,0.0
1649337421110510980,139,1649337421110355993,,1,138,139,0.0
1649337422060063647,140,1649337422059207090,,1,139,140,0.0
1649337423371714679,141,1649337423371547382,,1,140,141,0.0
1649337424073668032,142,1649337424072984837,,1,141,142,0.0
1649337425115401102,143,1649337425115239866,,1,142,143,0.0
1649337427132766415,144,1649337427132328450,,1,143,144,0.0
1649337428083821326,145,1649337428083550023,,1,144,145,0.0
1649337429145549009,146,1649337429145418411,,1,145,146,0.0
1649337431093889087,147,1649337431093680100,,1,146,147,0.0
1649337433066658386,148,1649337433065066110,,2,147,24,0.0
1649337434083485054,149,1649337434083350047,,1,24,148,0.0
1649337435467969320,150,1649337435467837344,,1,148,149,0.0
1649337436155503388,151,1649337436155370224,,1,149,150,0.0
1649337437103301137,152,1649337437102948368,,1,150,151,0.0
1649337438192588541,153,1649337438192421124,,2,151,30,0.0
1649337441118304879,154,1649337441118076463,,2,30,33,0.0
1649337443136498954,155,1649337443136312086,,1,33,152,0.0
1649337444315337340,156,1649337444315120604,,1,152,153,0.0
1649337445291399099,157,1649337445290753974,,1,153,154,0.0
1649337446116430248,158,1649337446114709726,,1,154,155,0.0
1649337447093902791,159,1649337447093121314,,1,155,156,0.0
1649337448531584443,160,1649337448531451260,,1,156,157,0.0
1649337449091367214,161,1649337449091238399,,1,157,158,0.0
1649337450325716335,162,1649337450325570064,,1,158,159,0.0
1649337451103983144,163,1649337451103844021,,1,159,160,0.0
1649337452106765219,164,1649337452105823015,,1,160,161,0.0
1649337453077018473,165,1649337453076829700,,1,161,162,0.0
1649337454125898578,166,1649337454124150783,,1,162,163,0.0
1649337455083488315,167,1649337455083333387,,2,163,54,0.0
1649337456100577703,168,1649337456100458907,,1,54,164,0.0
1649337457168690072,169,1649337457168515970,,1,164,165,0.0
1649337458291305373,170,1649337458290604352,,1,165,166,0.0
1649337459412756309,171,1649337459412622783,,1,166,167,0.0
1649337460109874082,172,1649337460109739349,,1,167,168,0.0
1649337461133642615,173,1649337461131033105,,1,168,169,0.0
1649337462106855857,174,1649337462106656318,,2,169,61,0.0
1649337464125506102,175,1649337464125372196,,1,61,170,0.0
1649337465116687190,176,1649337465116028709,,2,170,64,0.0
1649337466105776107,177,1649337466104870667,,1,64,171,0.0
1649337467081870916,178,1649337467081740997,,1,171,172,0.0
1649337468095942892,179,1649337468095305931,,1,172,173,0.0
1649337469140246222,180,1649337469138927240,,1,173,174,0.0
1649337470131221921,181,1649337470131058655,,1,174,175,0.0
1649337471086691614,182,1649337471086556435,,1,175,176,0.0
1649337472080701511,183,1649337472080570230,,1,176,177,0.0
1649337473102346019,184,1649337473102207440,,1,177,178,0.0
1649337474134432774,185,1649337474134137027,,1,178,179,0.0
1649337475114553776,186,1649337475114346176,,1,179,180,0.0
1649337476084050784,187,1649337476083865937,,1,180,181,0.0
1649337477094133699,188,1649337477093386697,,1,181,182,0.0
1649337478357961637,189,1649337478357838853,,1,182,183,0.0
1649337480430074194,190,1649337480429441025,,1,183,184,0.0
1649337481062916586,191,1649337481058628869,,1,184,185,0.0
1649337481407331328,192,1649337481406761755,,1,185,186,0.0
1649337482296981918,193,1649337482296816650,,1,186,187,0.0
1649337484957527683,194,1649337484957310632,,1,187,188,0.0
1649337485337364474,195,1649337485337188006,,1,188,189,0.0
1649337486108227146,196,1649337486108097618,,1,189,190,0.0
1649337487141467436,197,1649337487141336581,,1,190,191,0.0
1649337488131108503,198,1649337488130928962,,1,191,192,0.0
1649337489142786023,199,1649337489142646979,,1,192,193,0.0
1649337490119548779,200,1649337490119407037,,1,193,194,0.0
1649337491561658267,201,1649337491561489878,,1,194,195,0.0
1649337492117281012,202,1649337492116966881,,1,195,196,0.0
1649337493126074398,203,1649337493125937656,,1,196,197,0.0
1649337494118568635,204,1649337494118459024,,1,197,198,0.0
1649337495125490477,205,1649337495125301499,,2,198,100,0.0
1649337496129291278,206,1649337496129129615,,2,100,101,0.0
1649337497088896853,207,1649337497088768918,,2,101,102,0.0
1649337498080203224,208,1649337498080016249,,2,102,104,0.0
1649337499118115721,209,1649337499117676934,,1,104,199,0.0
1649337500123367594,210,1649337500123153562,,1,199,200,0.0
1649337501732583588,211,1649337501731898204,,1,200,201,0.0
1649337502134908640,212,1649337502134190760,,1,201,202,0.0
1649337503147672731,213,1649337503146740659,,1,202,203,0.0
1649337504343510221,214,1649337504343323200,,2,203,108,0.0
1649337505112159485,215,1649337505112025497,,1,108,204,0.0
1649337507135667246,216,1649337507135515231,,1,204,205,0.0
1649337508336018037,217,1649337508335247827,,1,205,206,0.0
1649337509147941792,218,1649337509147604321,,1,206,207,0.0
1649337510117960667,219,1649337510117802069,,1,207,208,0.0
1649337511685327541,220,1649337511684485088,,1,208,209,0.0
1649337512226672387,221,1649337512226369274,,2,209,118,0.0
1649337513144897048,222,1649337513144784864,,1,118,210,0.0
1649337514096557410,223,1649337514096385319,,2,210,119,0.0
1649337515140732094,224,1649337515140563012,,2,119,120,0.0
1649337516138451938,225,1649337516138087879,,1,120,211,0.0
1649337517082330012,226,1649337517082002234,,2,211,122,0.0
1649337518093402137,227,1649337518093273367,,1,122,212,0.0
1649337519083510514,228,1649337519083380544,,1,212,213,0.0
1649337520345546908,229,1649337520344740744,,1,213,214,0.0
1649337521127871845,230,1649337521127756909,,1,214,215,0.0
1649337522289603479,231,1649337522289472049,,1,215,216,0.0
1649337523418518442,232,1649337523418251550,,1,216,217,0.0
1649337524135124960,233,1649337524134438241,,1,217,218,0.0
1649337525098952783,234,1649337525098262329,,1,218,219,0.0
1649337526104839955,235,1649337526104679711,,1,219,220,0.0
1649337527078998867,236,1649337527078860518,,2,220,131,0.0
1649337528707747062,237,1649337528706635861,,1,131,221,0.0
1649337529405908645,238,1649337529403703913,,1,221,222,0.0
1649337530168700326,239,1649337530168559641,,1,222,223,0.0
1649337531119856230,240,1649337531119689502,,1,223,224,0.0
1649337532128811770,241,1649337532127994870,,1,224,225,0.0
1649337533159329584,242,1649337533159101254,,1,225,226,0.0
1649337535152616619,243,1649337535152329895,,1,226,227,0.0
1649337536129587614,244,1649337536129463873,,1,227,228,0.0
1649337537086488182,245,1649337537086352567,,2,228,142,0.0
1649337538090265657,246,1649337538090008511,,1,142,229,0.0
1649337539104539281,247,1649337539104396797,,1,229,230,0.0
1649337540186520192,248,1649337540186017335,,1,230,231,0.0
1649337542181823432,249,1649337542181073456,,1,231,232,0.0
1649337543365411636,250,1649337543365217963,,1,232,233,0.0
1649337544133086946,251,1649337544132387643,,1,233,234,0.0
1649337545112218818,252,1649337545112044838,,1,234,235,0.0
1649337546148566873,253,1649337546148381325,,1,235,236,0.0
1649337547103833822,254,1649337547103638699,,1,236,237,0.0
1649337548110313478,255,1649337548110060839,,1,237,238,0.0
1649337549167039111,256,1649337549166842714,,1,238,239,0.0
1649337550161291503,257,1649337550161111578,,2,239,29,0.0
1649337551184378836,258,1649337551184096266,,1,29,240,0.0
1649337552123758156,259,1649337552123583630,,2,240,32,0.0
1649337554183410661,260,1649337554182660884,,2,32,35,0.0
1649337555124274528,261,1649337555123997566,,1,35,241,0.0
1649337556175614893,262,1649337556174655130,,1,241,242,0.0
1649337557125170345,263,1649337557124816880,,1,242,243,0.0
1649337560106264400,264,1649337560105830426,,1,243,244,0.0
1649337561413931900,265,1649337561413171498,,1,244,245,0.0
1649337562176933455,266,1649337562176694033,,2,245,45,0.0
1649337563105141458,267,1649337563104997782,,1,45,246,0.0
1649337564287845913,268,1649337564287701391,,2,246,244,0.0
1649337565142770800,269,1649337565142647397,,1,244,247,0.0
1649337566124224070,270,1649337566124071135,,1,247,248,0.0
1649337567103195584,271,1649337567103018747,,2,248,53,0.0
1649337568416376125,272,1649337568416233759,,1,53,249,0.0
1649337569118642870,273,1649337569118439213,,1,249,250,0.0
1649337570131985015,274,1649337570131846890,,1,250,251,0.0
1649337571415167342,275,1649337571415036808,,1,251,252,0.0
1649337572094723009,276,1649337572094543323,,2,252,58,0.0
1649337573197526666,277,1649337573197279078,,2,58,167,0.0
1649337574204591445,278,1649337574204391450,,2,167,169,0.0
1649337575144566689,279,1649337575144438329,,1,169,253,0.0
1649337576116437523,280,1649337576116173220,,1,253,254,0.0
1649337577143897982,281,1649337577143787681,,1,254,255,0.0
1649337578207034369,282,1649337578206886681,,2,255,64,0.0
1649337579146521422,283,1649337579146332745,,1,64,256,0.0
1649337580126791570,284,1649337580126497262,,2,256,172,0.0
1649337581107380466,285,1649337581107240891,,1,172,257,0.0
1649337582135497194,286,1649337582135347183,,2,257,175,0.0
1649337583142679592,287,1649337583142357930,,1,175,258,0.0
1649337584137145823,288,1649337584137029015,,1,258,259,0.0
1649337585128172930,289,1649337585128013537,,1,259,260,0.0
1649337586359985087,290,1649337586359679960,,1,260,261,0.0
1649337587107729222,291,1649337587107489326,,1,261,262,0.0
1649337588140679505,292,1649337588140505999,,1,262,263,0.0
1649337589400368379,293,1649337589399433586,,1,263,264,0.0
1649337590162031430,294,1649337590161883300,,1,264,265,0.0
1649337591098677713,295,1649337591098548614,,1,265,266,0.0
1649337592172949659,296,1649337592172825218,,1,266,267,0.0
1649337593135571730,297,1649337593135441597,,1,267,268,0.0
1649337594178589293,298,1649337594177736836,,1,268,269,0.0
1649337595150503358,299,1649337595149805969,,1,269,270,0.0
1649337597102951491,300,1649337597102826191,,1,270,271,0.0
1649337598117835015,301,1649337598117690681,,1,271,272,0.0
1649337599155429885,302,1649337599155237988,,1,272,273,0.0
1649337600155596703,303,1649337600155446586,,1,273,274,0.0
1649337601173374131,304,1649337601173225677,,1,274,275,0.0
1649337602395408894,305,1649337602395080302,,2,275,195,0.0
1649337603160741855,306,1649337603160552401,,2,195,198,0.0
1649337604165348635,307,1649337604165021313,,2,198,99,0.0
1649337607111053136,308,1649337607110861106,,2,99,101,0.0
1649337608146192299,309,1649337608146038876,,2,101,104,0.0
1649337609118510853,310,1649337609117720163,,1,104,276,0.0
1649337611423230698,311,1649337611423078856,,1,276,277,0.0
1649337612197843427,312,1649337612197673101,,1,277,278,0.0
1649337613157360802,313,1649337613157189904,,2,278,202,0.0
1649337615145832860,314,1649337615145669103,,2,202,203,0.0
1649337616152880278,315,1649337616152245647,,2,203,110,0.0
1649337618117152080,316,1649337618116998304,,1,110,279,0.0
1649337619120330287,317,1649337619120081788,,2,279,113,0.0
1649337620160210352,318,1649337620159316988,,2,113,114,0.0
1649337621105291219,319,1649337621104994978,,2,114,115,0.0
1649337622129320228,320,1649337622128473657,,1,115,280,0.0
1649337623097503572,321,1649337623097376876,,1,280,281,0.0
1649337624350452141,322,1649337624348229865,,2,281,118,0.0
1649337625512668681,323,1649337625512488744,,2,118,119,0.0
1649337626129246949,324,1649337626128239635,,2,119,121,0.0
1649337627155753420,325,1649337627154514891,,2,121,211,0.0
1649337628142957705,326,1649337628142804913,,2,211,122,0.0
1649337629149738751,327,1649337629149535574,,2,122,124,0.0
1649337630075567855,328,1649337630075449376,,1,124,282,0.0
1649337631100281755,329,1649337631099965771,,1,282,283,0.0
1649337632174134233,330,1649337632173880739,,1,283,284,0.0
1649337633597731122,331,1649337633596777634,,1,284,285,0.0
1649337634192106889,332,1649337634191375678,,1,285,286,0.0
1649337635156003556,333,1649337635155419473,,1,286,287,0.0
1649337636192945705,334,1649337636192809552,,1,287,288,0.0
1649337637337358314,335,1649337637336842592,,2,288,131,0.0
1649337638159905459,336,1649337638159776111,,1,131,289,0.0
1649337639206853674,337,1649337639206030093,,1,289,290,0.0
1649337640141877988,338,1649337640141719521,,1,290,291,0.0
1649337641166765244,339,1649337641166530829,,1,291,292,0.0
1649337642156376233,340,1649337642156248101,,1,292,293,0.0
1649337643101217386,341,1649337643101092434,,2,293,226,0.0
1649337645124551518,342,1649337645123526819,,1,226,294,0.0
1649337647195271561,343,1649337647194952676,,2,294,229,0.0
1649337649139483835,344,1649337649139121595,,1,229,295,0.0
1649337650178290716,345,1649337650178120894,,1,295,296,0.0
1649337651282461183,346,1649337651282280969,,1,296,297,0.0
1649337652155149892,347,1649337652154770768,,1,297,298,0.0
1649337655160276937,348,1649337655159413371,,2,298,235,0.0
1649337656148254623,349,1649337656147978185,,1,235,299,0.0
1649337657605894911,350,1649337657605644566,,1,299,300,0.0
1649337658207827810,351,1649337658207698233,,1,300,301,0.0
1649337659177356051,352,1649337659176454323,,1,301,302,0.0
1649337660143451513,353,1649337660142332823,,2,302,30,0.0
1649337662359655113,354,1649337662359475512,,2,30,31,0.0
1649337663191206927,355,1649337663190912942,,1,31,303,0.0
1649337664132470926,356,1649337664132315715,,1,303,304,0.0
1649337665135203921,357,1649337665134564336,,2,304,241,0.0
1649337666188639130,358,1649337666188374698,,2,241,152,0.0
1649337667163903617,359,1649337667163761562,,1,152,305,0.0
1649337668263095023,360,1649337668262857977,,2,305,243,0.0
1649337669161462362,361,1649337669160610840,,2,243,157,0.0
1649337670215388036,362,1649337670214014290,,2,157,156,0.0
1649337671379524833,363,1649337671377808958,,1,156,306,0.0
1649337672166705026,364,1649337672164378176,,2,306,246,0.0
1649337673271171336,365,1649337673271042474,,2,246,46,0.0
1649337675171442943,366,1649337675171107255,,1,46,307,0.0
1649337676154314854,367,1649337676154143682,,2,307,50,0.0
1649337677153123669,368,1649337677152891150,,2,50,248,0.0
1649337678154776877,369,1649337678154317669,,2,248,53,0.0
1649337679191265787,370,1649337679191001622,,2,53,165,0.0
1649337680191076507,371,1649337680190102348,,1,165,308,0.0
1649337681162032647,372,1649337681161914990,,1,308,309,0.0
1649337682151179098,373,1649337682144166082,,2,309,251,0.0
1649337683168702503,374,1649337683168565117,,1,251,310,0.0
1649337684157540246,375,1649337684157357756,,1,310,311,0.0
1649337685175604743,376,1649337685175479160,,1,311,312,0.0
1649337686404160976,377,1649337686403989251,,2,312,61,0.0
1649337687462769441,378,1649337687462540824,,2,61,253,0.0
1649337688193724313,379,1649337688193538144,,1,253,313,0.0
1649337689176474695,380,1649337689176325767,,1,313,314,0.0
1649337690139099018,381,1649337690138964724,,1,314,315,0.0
1649337691169991713,382,1649337691169029990,,1,315,316,0.0
1649337692174841919,383,1649337692174685418,,1,316,317,0.0
1649337693148330373,384,1649337693147998691,,1,317,318,0.0
1649337694154383464,385,1649337694154250173,,1,318,319,0.0
1649337695117928157,386,1649337695117757077,,1,319,320,0.0
1649337696177128145,387,1649337696176181570,,1,320,321,0.0
1649337697193032875,388,1649337697192213820,,1,321,322,0.0
1649337698159429715,389,1649337698159249952,,1,322,323,0.0
1649337699110902218,390,1649337699110695083,,1,323,324,0.0
1649337700170476179,391,1649337700170320918,,1,324,325,0.0
1649337701226631722,392,1649337701226414552,,1,325,326,0.0
1649337702160503459,393,1649337702160375896,,1,326,327,0.0
