%time,field.header.seq,field.header.stamp,field.header.frame_id,field.current_id,field.relative_rad
1649337281946891386,2,1649337281944308042,,1,0.0
1649337282862831409,3,1649337282858412027,,2,0.0
1649337283926799370,4,1649337283919385910,,3,0.0
1649337284923563868,5,1649337284918565988,,4,0.0
1649337285881511741,6,1649337285880804061,,5,0.0
1649337286904083630,7,1649337286903676986,,6,0.0
1649337287894838182,8,1649337287890923023,,7,0.0
1649337288881001484,9,1649337288880528926,,8,0.0
1649337289923265110,10,1649337289922893047,,9,0.0
1649337290942140520,11,1649337290941812038,,10,0.0
1649337291898918640,12,1649337291894186019,,11,0.0
1649337292926381410,13,1649337292926024913,,12,0.0
1649337293940603763,14,1649337293940013885,,13,0.0
1649337294953245791,15,1649337294952840089,,14,0.0
1649337295930821378,16,1649337295929447889,,15,0.0
1649337296943685281,17,1649337296943347930,,16,0.0
1649337297988033361,18,1649337297987410068,,17,0.0
1649337298954275920,19,1649337298953733921,,18,0.0
1649337299960943650,20,1649337299960648059,,19,0.0
1649337300937273036,21,1649337300936897039,,20,0.0
1649337302425890867,22,1649337302425343036,,21,0.0
1649337302992399727,23,1649337302991934061,,22,0.0
1649337304001933960,24,1649337304001702070,,23,0.0
1649337304983809081,25,1649337304983582019,,24,0.0
1649337305990996352,26,1649337305983817100,,25,0.0
1649337306978455140,27,1649337306978048086,,26,0.0
1649337307995367621,28,1649337307994982957,,27,0.0
1649337308994878366,29,1649337308992389917,,28,0.0
1649337310034810625,30,1649337310028477907,,29,0.0
1649337311003824845,31,1649337311003354072,,30,0.0
1649337312028963162,32,1649337312028542995,,31,0.0
1649337313035086702,33,1649337313026884078,,32,0.0
1649337314039714249,34,1649337314039436101,,33,0.0
1649337315018818881,35,1649337315011755943,,34,0.0
1649337316022856277,36,1649337316019594907,,35,0.0
1649337317258821115,37,1649337317258287906,,36,0.0
1649337318014072395,38,1649337318013741016,,37,0.0
1649337319044260924,39,1649337319043792009,,38,0.0
1649337320009264983,40,1649337320008861064,,39,0.0
1649337321040038148,41,1649337321039779901,,40,0.0
1649337322005512912,42,1649337322003911018,,41,0.0
1649337323036481075,43,1649337323036243915,,42,0.0
1649337324010289994,44,1649337324010087966,,43,0.0
1649337325438930933,45,1649337325438585996,,44,0.0
1649337326038081365,46,1649337326037633895,,45,0.0
1649337327250418320,47,1649337327249864101,,46,0.0
1649337328010500068,48,1649337328010265111,,47,0.0
1649337329023520504,49,1649337329023262023,,48,0.0
1649337330223645445,50,1649337330223164081,,49,0.0
1649337332716156660,51,1649337332715548038,,50,0.0
1649337333021940270,52,1649337333021590948,,51,0.0
1649337333344672507,53,1649337333344293117,,52,0.0
1649337333991339011,54,1649337333990923881,,53,0.0
1649337335038828382,55,1649337335031783103,,54,0.0
1649337336023746732,56,1649337336023411989,,55,0.0
1649337337033882469,57,1649337337033653974,,56,0.0
1649337338070826134,58,1649337338064052104,,57,0.0
1649337339057108243,59,1649337339056879043,,58,0.0
1649337340001337737,60,1649337339999625921,,59,0.0
1649337341047415767,61,1649337341045753002,,60,0.0
1649337342208635566,62,1649337342208360910,,61,0.0
1649337343061011865,63,1649337343060662984,,62,0.0
1649337344074272421,64,1649337344073996067,,63,0.0
1649337345262969855,65,1649337345262624025,,64,0.0
1649337346281439444,66,1649337346281004905,,65,0.0
1649337347110508120,67,1649337347110274076,,66,0.0
1649337348191172208,68,1649337348190929889,,67,0.0
1649337349030782229,69,1649337349030291080,,68,0.0
1649337350095179260,70,1649337350090953111,,69,0.0
1649337351039429435,71,1649337351039205074,,70,0.0
1649337352190854724,72,1649337352189197063,,71,0.0
1649337353377052399,73,1649337353375592947,,72,0.0
1649337354286256812,74,1649337354285530090,,73,0.0
1649337355114479191,75,1649337355114120960,,74,0.0
1649337356035428234,76,1649337356034827947,,75,0.0
1649337357229769394,77,1649337357229552030,,76,0.0
1649337358126836756,78,1649337358125845909,,77,0.0
1649337359024779644,79,1649337359024370908,,78,0.0
1649337360063415096,80,1649337360063215017,,79,0.0
1649337361360463408,81,1649337361359920978,,80,0.0
1649337362064819982,82,1649337362064366102,,81,0.0
1649337363103061323,83,1649337363102535963,,82,0.0
1649337364083321378,84,1649337364082890987,,83,0.0
1649337365054848822,85,1649337365050371885,,84,0.0
1649337366054053320,86,1649337366053828001,,85,0.0
1649337367066906743,87,1649337367062714099,,86,0.0
1649337368360535738,88,1649337368360208034,,87,0.0
1649337369214578910,89,1649337369214307069,,88,0.0
1649337370072364185,90,1649337370071954011,,89,0.0
1649337371095841225,91,1649337371094347953,,90,0.0
1649337372069385496,92,1649337372069116115,,91,0.0
1649337373746569269,93,1649337373746308088,,92,0.0
1649337374152598371,94,1649337374152271032,,93,0.0
1649337375106362939,95,1649337375105675935,,94,0.0
1649337376021682816,96,1649337376021471023,,95,0.0
1649337377355931041,97,1649337377354438066,,96,0.0
1649337378076391351,98,1649337378076060056,,97,0.0
1649337379290737790,99,1649337379289203882,,98,0.0
1649337380096783679,100,1649337380096509933,,99,0.0
1649337381083483363,101,1649337381082950115,,100,0.0
1649337382060637383,102,1649337382060097932,,101,0.0
1649337383027721586,103,1649337383027520895,,102,0.0
1649337384081109196,104,1649337384075211048,,103,0.0
1649337385066975753,105,1649337385063852071,,104,0.0
1649337386037899091,106,1649337386037448883,,105,0.0
1649337387082795880,107,1649337387077558040,,106,0.0
1649337388036641878,108,1649337388036425113,,107,0.0
1649337389689465889,109,1649337389688987970,,108,0.0
1649337390040779916,110,1649337390040246963,,109,0.0
1649337391025235230,111,1649337391025048017,,110,0.0
1649337392232387965,112,1649337392232135057,,111,0.0
1649337393077297337,113,1649337393077052116,,112,0.0
1649337394079659043,114,1649337394079463958,,113,0.0
1649337395452767984,115,1649337395452382087,,114,0.0
1649337396726652754,116,1649337396724814891,,115,0.0
1649337397071578330,117,1649337397071394920,,116,0.0
1649337398069896802,118,1649337398069432020,,117,0.0
1649337399417666410,119,1649337399417052984,,118,0.0
1649337400079430921,120,1649337400078864097,,119,0.0
1649337401052460264,121,1649337401052145957,,120,0.0
1649337402070811217,122,1649337402067759037,,121,0.0
1649337403286881947,123,1649337403283761024,,122,0.0
1649337404494853394,124,1649337404490075111,,123,0.0
1649337405096289237,125,1649337405095853090,,124,0.0
1649337406058320534,126,1649337406058083057,,125,0.0
1649337407304693103,127,1649337407303247928,,126,0.0
1649337408069388744,128,1649337408069194078,,127,0.0
1649337409255138374,129,1649337409254724025,,128,0.0
1649337410539197487,130,1649337410537638902,,129,0.0
1649337411340886288,131,1649337411340411901,,130,0.0
1649337412320632766,132,1649337412320250988,,131,0.0
1649337413087103968,133,1649337413086724042,,132,0.0
1649337414146717919,134,1649337414146404981,,133,0.0
1649337415012719017,135,1649337415012290000,,134,0.0
1649337416292210841,136,1649337416291846036,,135,0.0
1649337417070843389,137,1649337417068022966,,136,0.0
1649337418073767032,138,1649337418073515892,,137,0.0
1649337419091141299,139,1649337419089632987,,138,0.0
1649337420288593786,140,1649337420288281917,,139,0.0
1649337421095725864,141,1649337421095314025,,16,0.0
1649337422047022979,142,1649337422046813011,,140,0.0
1649337423358389513,143,1649337423357820987,,141,0.0
1649337424060430859,144,1649337424059891939,,142,0.0
1649337425098353714,145,1649337425097552061,,19,0.0
1649337426305894635,146,1649337426305028915,,19,0.0
1649337427113894255,147,1649337427113394021,,143,0.0
1649337428068285734,148,1649337428067832946,,144,0.0
1649337429132361067,149,1649337429124586105,,22,0.0
1649337430047441821,150,1649337430047144889,,22,0.0
1649337431073443742,151,1649337431072943925,,24,0.0
1649337432285556889,152,1649337432285288095,,24,0.0
1649337433043724836,153,1649337433043401956,,25,0.0
1649337434064487154,154,1649337434062772989,,26,0.0
1649337435447477403,155,1649337435446960926,,145,0.0
1649337436136846726,156,1649337436136554002,,146,0.0
1649337437083365163,157,1649337437083089113,,147,0.0
1649337438171054579,158,1649337438168313026,,31,0.0
1649337439088184369,159,1649337439087908029,,31,0.0
1649337440009458785,160,1649337440009181976,,32,0.0
1649337441096905233,161,1649337441095979928,,34,0.0
1649337442103418883,162,1649337442102869987,,36,0.0
1649337443119907935,163,1649337443119302988,,148,0.0
1649337444297576858,164,1649337444297337055,,40,0.0
1649337445278049003,165,1649337445276483058,,149,0.0
1649337446098571268,166,1649337446097953081,,44,0.0
1649337447078793879,167,1649337447078186035,,150,0.0
1649337448522846182,168,1649337448517827987,,151,0.0
1649337449076759977,169,1649337449076467990,,152,0.0
1649337450318816627,170,1649337450313045978,,153,0.0
1649337451090618104,171,1649337451090280055,,154,0.0
1649337452091553911,172,1649337452091319084,,155,0.0
1649337453065588024,173,1649337453065078973,,156,0.0
1649337454110008683,174,1649337454108918905,,54,0.0
1649337455066859027,175,1649337455065774917,,55,0.0
1649337456087498432,176,1649337456087167024,,157,0.0
1649337457158803968,177,1649337457154392004,,158,0.0
1649337458282399484,178,1649337458276819944,,159,0.0
1649337459394844505,179,1649337459393873929,,60,0.0
1649337460097684666,180,1649337460095513105,,160,0.0
1649337461114299599,181,1649337461113547086,,61,0.0
1649337462086209537,182,1649337462085956096,,62,0.0
1649337463374660955,183,1649337463373975038,,62,0.0
1649337464111259138,184,1649337464110919952,,161,0.0
1649337465098839738,185,1649337465097913026,,65,0.0
1649337466088372401,186,1649337466086205005,,66,0.0
1649337467066822725,187,1649337467066548109,,162,0.0
1649337468080190346,188,1649337468079710006,,163,0.0
1649337469128213935,189,1649337469120563983,,69,0.0
1649337470114132817,190,1649337470113789081,,164,0.0
1649337471071972520,191,1649337471070080995,,165,0.0
1649337472065043232,192,1649337472064707994,,166,0.0
1649337473085065651,193,1649337473084686994,,167,0.0
1649337474122881842,194,1649337474116990089,,168,0.0
1649337475098840271,195,1649337475096401929,,76,0.0
1649337476068556735,196,1649337476067965030,,169,0.0
1649337477077395085,197,1649337477076809883,,170,0.0
1649337478339760508,198,1649337478339267969,,171,0.0
1649337480412059865,199,1649337480411710023,,172,0.0
1649337481042884368,200,1649337481038388967,,173,0.0
1649337481390824784,201,1649337481389283895,,174,0.0
1649337482279492449,202,1649337482279247045,,175,0.0
1649337483087305216,203,1649337483086785078,,176,0.0
1649337484940980330,204,1649337484939187049,,177,0.0
1649337485321564425,205,1649337485321120977,,178,0.0
1649337486090718360,206,1649337486090415000,,179,0.0
1649337487124954062,207,1649337487124504089,,180,0.0
1649337488115138034,208,1649337488114803075,,181,0.0
1649337489126131648,209,1649337489125802040,,182,0.0
1649337490104358414,210,1649337490103878974,,183,0.0
1649337491546836840,211,1649337491544826030,,184,0.0
1649337492096675170,212,1649337492096364021,,97,0.0
1649337493109050337,213,1649337493108580112,,185,0.0
1649337494101498459,214,1649337494101187944,,186,0.0
1649337495103588924,215,1649337495103076934,,101,0.0
1649337496107582511,216,1649337496107039928,,102,0.0
1649337497067387669,217,1649337497066972970,,103,0.0
1649337498059223700,218,1649337498058656930,,105,0.0
1649337499096365477,219,1649337499096045017,,105,0.0
1649337500103939292,220,1649337500102070093,,106,0.0
1649337501711887415,221,1649337501710213899,,107,0.0
1649337502115745235,222,1649337502115425109,,108,0.0
1649337503129933076,223,1649337503128087997,,187,0.0
1649337504322909151,224,1649337504321203947,,109,0.0
1649337505089156433,225,1649337505088499069,,111,0.0
1649337506041543857,226,1649337506041064023,,111,0.0
1649337507118677441,227,1649337507117958068,,188,0.0
1649337508322804209,228,1649337508320118904,,189,0.0
1649337509132103432,229,1649337509131742954,,190,0.0
1649337510096447335,230,1649337510096007108,,116,0.0
1649337511667916325,231,1649337511667623996,,191,0.0
1649337512207806306,232,1649337512206808090,,119,0.0
1649337513132073370,233,1649337513130093097,,192,0.0
1649337514080033767,234,1649337514077811002,,120,0.0
1649337515123065471,235,1649337515122483968,,121,0.0
1649337516123340959,236,1649337516122889041,,193,0.0
1649337517067071914,237,1649337517065403938,,123,0.0
1649337518083079249,238,1649337518078784942,,194,0.0
1649337519069241669,239,1649337519068778038,,195,0.0
1649337520330836341,240,1649337520330508947,,196,0.0
1649337521112154807,241,1649337521111814022,,197,0.0
1649337522275062003,242,1649337522274807929,,198,0.0
1649337523404035444,243,1649337523403426885,,199,0.0
1649337524122850650,244,1649337524119501113,,200,0.0
1649337525084688892,245,1649337525083189010,,201,0.0
1649337526095088476,246,1649337526084692955,,131,0.0
1649337527061552276,247,1649337527059751033,,132,0.0
1649337528689653404,248,1649337528689292907,,202,0.0
1649337529382927982,249,1649337529382503032,,136,0.0
1649337530151832488,250,1649337530151484012,,203,0.0
1649337531106891726,251,1649337531102843046,,204,0.0
1649337532108284455,252,1649337532108031988,,205,0.0
1649337533130920379,253,1649337533130528926,,141,0.0
1649337534122569423,254,1649337534121963977,,141,0.0
1649337535132218328,255,1649337535130740880,,206,0.0
1649337536108780435,256,1649337536108017921,,207,0.0
1649337537061134777,257,1649337537060570955,,142,0.0
1649337538069135783,258,1649337538068377017,,208,0.0
1649337539081874397,259,1649337539080883979,,19,0.0
1649337540160850544,260,1649337540159923076,,144,0.0
1649337541131229591,261,1649337541130974054,,144,0.0
1649337542160118868,262,1649337542159619092,,209,0.0
1649337543338112020,263,1649337543336888074,,23,0.0
1649337544109998613,264,1649337544109589099,,210,0.0
1649337545085164062,265,1649337545084598064,,25,0.0
1649337546122608687,266,1649337546120505094,,27,0.0
1649337547081015206,267,1649337547080554008,,211,0.0
1649337548090967375,268,1649337548086884975,,212,0.0
1649337549146814478,269,1649337549142132043,,213,0.0
1649337550135657990,270,1649337550135128021,,30,0.0
1649337551157529840,271,1649337551157068014,,214,0.0
1649337552094766821,272,1649337552094561100,,33,0.0
1649337553115619491,273,1649337553115398883,,33,0.0
1649337554150999804,274,1649337554150527954,,36,0.0
1649337555103350655,275,1649337555102746963,,215,0.0
1649337556147194907,276,1649337556146879911,,42,0.0
1649337557102608242,277,1649337557096779108,,43,0.0
1649337558071127916,278,1649337558070890903,,43,0.0
1649337559107896489,279,1649337559104154109,,43,0.0
1649337560086263298,280,1649337560084072113,,44,0.0
1649337561389846202,281,1649337561389466047,,45,0.0
1649337562154962797,282,1649337562154658079,,46,0.0
1649337563084988349,283,1649337563084604024,,48,0.0
1649337564265405310,284,1649337564264677047,,44,0.0
1649337565125280357,285,1649337565124994039,,156,0.0
1649337566106658600,286,1649337566106280088,,52,0.0
1649337567079354088,287,1649337567078515052,,54,0.0
1649337568399045917,288,1649337568398802042,,56,0.0
1649337569101293550,289,1649337569100928068,,157,0.0
1649337570119028445,290,1649337570118617057,,216,0.0
1649337571402710119,291,1649337571402072906,,217,0.0
1649337572080108683,292,1649337572078373908,,59,0.0
1649337573182844553,293,1649337573180805921,,60,0.0
1649337574186425874,294,1649337574186152935,,61,0.0
1649337575129026416,295,1649337575128786087,,218,0.0
1649337576101402990,296,1649337576100951910,,219,0.0
1649337577128343845,297,1649337577127856969,,220,0.0
1649337578190420439,298,1649337578189716100,,65,0.0
1649337579130501700,299,1649337579130278110,,221,0.0
1649337580108822911,300,1649337580108390092,,162,0.0
1649337581094803745,301,1649337581092226028,,68,0.0
1649337582116946210,302,1649337582114964008,,164,0.0
1649337583128002607,303,1649337583127473115,,222,0.0
1649337584123858069,304,1649337584123378992,,223,0.0
1649337585111342291,305,1649337585110672950,,224,0.0
1649337586343784289,306,1649337586343432903,,225,0.0
1649337587090187984,307,1649337587089831113,,226,0.0
1649337588124398962,308,1649337588123729944,,227,0.0
1649337589386851145,309,1649337589382389068,,228,0.0
1649337590143774735,310,1649337590143423080,,229,0.0
1649337591080358644,311,1649337591079921960,,230,0.0
1649337592157373783,312,1649337592157042026,,231,0.0
1649337593120524088,313,1649337593118885040,,232,0.0
1649337594163031282,314,1649337594162719964,,233,0.0
1649337595133938121,315,1649337595133546113,,234,0.0
1649337596120319243,316,1649337596119745016,,176,0.0
1649337597084434394,317,1649337597084096908,,235,0.0
1649337598100144494,318,1649337598099682092,,236,0.0
1649337599134943645,319,1649337599130630970,,180,0.0
1649337600134286880,320,1649337600133785963,,181,0.0
1649337601158073013,321,1649337601156531095,,237,0.0
1649337602376316709,322,1649337602376054048,,184,0.0
1649337603150871321,323,1649337603140429019,,186,0.0
1649337604140686425,324,1649337604140470981,,100,0.0
1649337605411068757,325,1649337605409183979,,100,0.0
1649337606132999777,326,1649337606127501964,,100,0.0
1649337607090512343,327,1649337607089274883,,102,0.0
1649337608138854119,328,1649337608124098062,,105,0.0
1649337609110847290,329,1649337609097750902,,104,0.0
1649337610125754022,330,1649337610124977111,,104,0.0
1649337611400675629,331,1649337611400091886,,106,0.0
1649337612178862646,332,1649337612178284883,,107,0.0
1649337613137323084,333,1649337613136759996,,108,0.0
1649337614166798435,334,1649337614164064884,,108,0.0
1649337615127764289,335,1649337615127016067,,187,0.0
1649337616133494938,336,1649337616131655931,,111,0.0
1649337617157778684,337,1649337617151412963,,111,0.0
1649337618100867674,338,1649337618099061965,,113,0.0
1649337619105849028,339,1649337619105559110,,114,0.0
1649337620142979353,340,1649337620140137910,,115,0.0
1649337621090582381,341,1649337621088818073,,116,0.0
1649337622115205727,342,1649337622114969968,,238,0.0
1649337623086845301,343,1649337623084568977,,239,0.0
1649337624327816590,344,1649337624327527999,,119,0.0
1649337625497320369,345,1649337625496763944,,120,0.0
1649337626114552411,346,1649337626113811969,,122,0.0
1649337627137244985,347,1649337627136981964,,193,0.0
1649337628129849549,348,1649337628129306077,,123,0.0
1649337629135478149,349,1649337629133614063,,125,0.0
1649337630063070778,350,1649337630062714099,,240,0.0
1649337631087602407,351,1649337631087233066,,241,0.0
1649337632166812388,352,1649337632160023927,,242,0.0
1649337633584358901,353,1649337633583997011,,243,0.0
1649337634176244076,354,1649337634175923109,,244,0.0
1649337635140076215,355,1649337635139347076,,130,0.0
1649337636179386107,356,1649337636179182052,,245,0.0
1649337637322208215,357,1649337637321695089,,132,0.0
1649337638145901734,358,1649337638145278930,,246,0.0
1649337639198556199,359,1649337639193059921,,247,0.0
1649337640128546380,360,1649337640128290891,,248,0.0
1649337641158197316,361,1649337641151771068,,249,0.0
1649337642143324744,362,1649337642141665935,,250,0.0
1649337643084673115,363,1649337643083647966,,141,0.0
1649337644145680293,364,1649337644145344018,,141,0.0
1649337645105286042,365,1649337645103478908,,142,0.0
1649337646123504627,366,1649337646123203992,,142,0.0
1649337647174851996,367,1649337647174643993,,208,0.0
1649337648149991409,368,1649337648149347066,,208,0.0
1649337649121368324,369,1649337649121153116,,251,0.0
1649337650161051401,370,1649337650160763978,,252,0.0
1649337651264778575,371,1649337651264362096,,253,0.0
1649337652130959329,372,1649337652129955053,,22,0.0
1649337653161435040,373,1649337653160582065,,24,0.0
1649337654105722692,374,1649337654104064941,,24,0.0
1649337655138184600,375,1649337655137633085,,25,0.0
1649337656127829404,376,1649337656127312898,,254,0.0
1649337657590829406,377,1649337657585628986,,255,0.0
1649337658188790943,378,1649337658188371896,,256,0.0
1649337659152904582,379,1649337659152586936,,30,0.0
1649337660122822458,380,1649337660118767976,,31,0.0
1649337661116055597,381,1649337661115735054,,31,0.0
1649337662336425978,382,1649337662335947990,,32,0.0
1649337663174891648,383,1649337663170902967,,257,0.0
1649337664112442708,384,1649337664112147092,,258,0.0
1649337665120536188,385,1649337665112612009,,215,0.0
1649337666167203153,386,1649337666166673898,,148,0.0
1649337667143723923,387,1649337667143290042,,43,0.0
1649337668244308182,388,1649337668243654966,,43,0.0
1649337669140301245,389,1649337669140058040,,151,0.0
1649337670194369994,390,1649337670193555116,,150,0.0
1649337671362083056,391,1649337671361738920,,45,0.0
1649337672146109183,392,1649337672145441055,,48,0.0
1649337673251525174,393,1649337673248948097,,47,0.0
1649337674200305876,394,1649337674199970960,,47,0.0
1649337675155578053,395,1649337675155325889,,49,0.0
1649337676138132476,396,1649337676137706041,,51,0.0
1649337677137513201,397,1649337677137172937,,52,0.0
1649337678138247619,398,1649337678136725902,,54,0.0
1649337679173040221,399,1649337679172760009,,158,0.0
1649337680176661364,400,1649337680176307916,,259,0.0
1649337681149051110,401,1649337681148824930,,260,0.0
1649337682139007454,402,1649337682131346940,,216,0.0
1649337683157041977,403,1649337683156642913,,261,0.0
1649337684145709856,404,1649337684145459890,,262,0.0
1649337685154783969,405,1649337685154323101,,61,0.0
1649337686385844973,406,1649337686385310888,,62,0.0
1649337687450976682,407,1649337687446969032,,218,0.0
1649337688178239338,408,1649337688177962064,,263,0.0
1649337689160834967,409,1649337689160454988,,264,0.0
1649337690124457881,410,1649337690124191999,,265,0.0
1649337691154489827,411,1649337691154083967,,266,0.0
1649337692161584613,412,1649337692161128997,,267,0.0
1649337693133840785,413,1649337693133501052,,268,0.0
1649337694142878589,414,1649337694139919042,,269,0.0
1649337695104813853,415,1649337695103106975,,270,0.0
1649337696163725696,416,1649337696163127899,,271,0.0
1649337697178857468,417,1649337697178590059,,272,0.0
1649337698144776417,418,1649337698144253015,,273,0.0
1649337699096466414,419,1649337699096138000,,274,0.0
1649337700153319469,420,1649337700153004884,,275,0.0
1649337701213722397,421,1649337701213120937,,276,0.0
1649337702146570382,422,1649337702146316051,,277,0.0
